1 0.6380439814814814 0.27164930555555555 0.08667824074074079 0.12151041666666665
0 0.9279745370370371 0.5642534722222223 0.030121527777777858 0.04809027777777786
0 0.9540335648148147 0.5677951388888889 0.030995370370370524 0.049687499999999926
0 0.544704861111111 0.5867708333333332 0.031041666666666502 0.05046874999999993
0 0.51671875 0.5903645833333334 0.03182291666666668 0.05050347222222236
0 0.9808738425925927 0.5713020833333333 0.031776620370370524 0.04972222222222218
0 0.48735532407407406 0.5971527777777779 0.033339120370370345 0.0497916666666665
0 0.9963382523148148 0.5770486111111112 0.007323495370370381 0.052204861111111
0 0.45872685185185186 0.603125 0.034947916666666676 0.05064236111111118
0 0.9303009259259258 0.6299479166666666 0.029982638888888857 0.04574652777777786
0 0.5493750000000001 0.6523611111111112 0.029340277777777857 0.04805555555555561
0 0.9565914351851852 0.6373958333333333 0.031087962962962835 0.05124999999999993
0 0.520792824074074 0.6591145833333334 0.03168402777777786 0.048159722222222354
0 0.9840017361111112 0.6424305555555556 0.031996527777777575 0.05053819444444443
0 0.49074074074074064 0.6675 0.033246527777777854 0.04822916666666668
0 0.9988585069444443 0.6483159722222223 0.002282986111111285 0.05022569444444436
0 0.4644560185185185 0.6733680555555555 0.027228009259259167 0.051857638888888856
0 0.934832175925926 0.6931944444444444 0.029479166666666855 0.05039930555555561
0 0.5553298611111112 0.7131944444444445 0.03094907407407419 0.04890624999999993
0 0.9611689814814814 0.7014236111111112 0.031134259259259167 0.05203124999999993
0 0.526886574074074 0.7222916666666667 0.03182291666666668 0.05050347222222236
0 0.9861183449074075 0.7080555555555555 0.02776331018518512 0.05206597222222218
0 0.49844328703703705 0.7313888888888889 0.03265046296296301 0.05131944444444443
0 0.9996079282407407 0.7154340277777778 0.0007841435185184764 0.05526041666666668
0 0.4700925925925926 0.7420486111111111 0.0272743055555555 0.05263888888888886