0 0.5454687500000001 0.2864409722222222 0.09885416666666665 0.14753472222222222
0 0.70796875 0.3906539351851852 0.023489583333333286 0.036093750000000036
0 0.8029166666666667 0.39541666666666664 0.020052083333333214 0.03138310185185187
0 0.6778125 0.3979050925925926 0.021041666666666715 0.03451388888888882
0 0.8332291666666667 0.4092476851851852 0.02531250000000007 0.040011574074074116
0 0.73390625 0.41154513888888894 0.021250000000000036 0.037638888888889
0 0.92671875 0.4124594907407408 0.02276041666666657 0.0368692129629629
0 0.6899479166666667 0.4149942129629629 0.02385416666666664 0.041562499999999857
0 0.9427604166666667 0.417806712962963 0.021354166666666785 0.039201388888889
0 0.7825 0.42055555555555557 0.02546874999999993 0.04235532407407412
0 0.9588020833333333 0.42315393518518524 0.02578125 0.04704282407407412
0 0.7072395833333334 0.4250173611111111 0.021770833333333427 0.03373842592592595
0 0.7427604166666667 0.43100115740740746 0.022552083333333427 0.033744212962962906
0 0.8201041666666666 0.4304282407407408 0.022031249999999857 0.03764467592592595
0 0.9225 0.4523148148148149 0.02098958333333343 0.033732638888889
0 0.9395833333333334 0.45375 0.02265625 0.03530671296296291
0 0.6807291666666667 0.45957175925925925 0.021718749999999964 0.03295717592592595
0 0.7017708333333333 0.4601967592592592 0.023385416666666714 0.03453124999999986
0 0.80796875 0.46019097222222227 0.02109375 0.035295138888889
0 0.7399479166666667 0.4614756944444444 0.02197916666666657 0.03686342592592595
0 0.7212500000000001 0.4608333333333333 0.021927083333333285 0.036082175925925955
0 0.8305208333333333 0.4615856481481481 0.022291666666666644 0.04155092592592595